complex
8 8
(0.815018,0.871235) (-0.394882,1.10709) (0.421438,-0.690801) (-0.20169,0.637458) (-0.433674,-0.378283) (-0.604188,1.22698) (-0.0901847,1.10883) (0.247561,0.222008)
(0.428903,0.0346565) (-0.158568,0.424435) (0.180543,-0.272965) (-0.0266193,0.312685) (-0.352964,-0.299667) (-0.0627707,0.202061) (0.0495691,0.409392) (0.022306,-0.16422)
(-0.243518,-0.345979) (0.0602139,-0.312384) (-0.201611,0.0652099) (0.133603,-0.101182) (0.213257,0.0503634) (0.0114193,-0.173044) (0.0868243,-0.253279) (-0.0637192,-0.0322398)
(-0.28444,-0.0202303) (0.0481105,0.0721767) (0.0489662,0.107968) (-0.220247,-0.0426935) (0.0444086,-0.00398746) (-0.0674991,0.00151651) (-0.0953533,-0.127781) (-0.0553834,0.259415)
(-0.504792,0.339315) (-0.693976,-0.340722) (0.370098,0.149936) (-0.430211,-0.0999888) (-0.0240031,-0.140045) (-0.744815,-0.298849) (-0.583252,-0.0788883) (-0.181583,0.204941)
(0.1874,-0.0545825) (0.0317739,0.120528) (-0.00465061,0.0519329) (0.0517938,0.177783) (-0.109131,-0.0649578) (-0.0237027,0.130751) (0.0401995,0.150958) (-0.142098,0.0427203)
(-0.549378,0.332677) (-0.605122,-0.25268) (0.420146,0.341935) (-0.546496,-0.0278383) (0.096588,-0.261753) (-0.937402,-0.446985) (-0.402064,-0.077093) (-0.350268,0.129381)
(0.134296,-0.0875348) (0.172696,0.0855735) (-0.09866,-0.209766) (0.194114,0.0319876) (-0.053744,0.191465) (0.351221,0.191343) (0.243397,0.0879152) (-0.0999788,-0.0167156)
