complex
8 9
(1,0) (0,0) (0,0) (0,0) (0,0) (0,0) (0,0) (0,0) (-0.240601,4.10452)
(0,0) (1,0) (0,0) (0,0) (0,0) (0,0) (0,0) (0,0) (0.0803997,0.646378)
(0,0) (0,0) (1,0) (0,0) (0,0) (0,0) (0,0) (0,0) (-0.00353142,-1.10254)
(0,0) (0,0) (0,0) (1,0) (0,0) (0,0) (0,0) (0,0) (-0.581438,0.246384)
(0,0) (0,0) (0,0) (0,0) (1,0) (0,0) (0,0) (0,0) (-2.79253,-0.264302)
(0,0) (0,0) (0,0) (0,0) (0,0) (1,0) (0,0) (0,0) (0.0315843,0.555134)
(-0,0) (-0,0) (-0,0) (-0,0) (-0,0) (-0,0) (1,0) (0,0) (-2.874,-0.262356)
(0,0) (0,0) (0,0) (0,0) (0,0) (0,0) (0,0) (1,0) (0.843341,0.274268)
