complex
16 16
(0.0654154,0.144455) (-0.102299,0.137485) (-0.0571835,-0.309714) (0.00024762,-0.0330018) (0.0421256,-0.0370882) (-0.04015,-0.019914) (0.198091,0.167349) (0.232399,0.0588239) (0.0528226,0.114739) (0.155067,0.0387851) (0.00337404,0.0118263) (-0.109331,-0.0396655) (0.040454,0.10067) (0.00203615,0.113041) (-0.171835,-0.0290193) (-0.189998,0.00793283)
(0.156856,-0.0224314) (0.280032,0.18539) (-0.00122628,0.271945) (0.0571796,-0.0989691) (0.0055995,0.0636893) (0.101828,0.136485) (-0.0602343,-0.207073) (-0.193673,0.011957) (0.0578394,-0.217365) (-0.055519,0.0265018) (-0.16143,-0.110058) (-0.106915,0.0610802) (-0.212591,-0.301127) (0.132114,-0.0162712) (0.142279,0.0167029) (0.00672365,-0.0717949)
(0.0429131,-0.0621398) (0.092787,0.102721) (-0.0516448,0.0710717) (0.0590435,-0.183102) (0.0706887,0.000387074) (0.0677554,-0.0556348) (-0.00699863,-0.0648894) (-0.0227894,-0.0723548) (-0.0680362,0.0479315) (0.0253309,-0.0961179) (-0.062079,-0.0813032) (-0.029297,0.0176482) (-0.062345,0.127981) (0.108979,-0.0847867) (0.0139457,0.00140647) (-0.0363555,0.0723743)
(0.158205,0.0372054) (0.179402,0.0707428) (-0.0700331,0.305765) (-0.038208,0.0304142) (-0.0541579,0.125973) (0.0584051,0.0329995) (0.159936,-0.154581) (-0.241513,-0.0150071) (0.00999868,-0.033333) (0.00724424,0.0636394) (0.000444071,0.183495) (-0.0218531,-0.00377982) (-0.00383057,-0.173776) (0.111805,-0.149904) (0.188067,0.0265184) (0.101863,-0.0441089)
(-0.0622558,-0.0380473) (-0.0526365,-0.159104) (0.290665,-0.0301916) (0.0278357,-0.0663675) (0.10496,0.0597408) (0.0753224,-0.0818791) (-0.0103163,0.063106) (0.00685044,0.289903) (-0.137118,-0.115281) (0.129754,-0.00266552) (0.12163,-0.0595941) (0.0442538,0.168016) (-0.261299,-0.0159955) (-0.100371,-0.0284677) (-0.0469822,-0.225795) (-0.0347197,-0.0923791)
(0.0561194,0.0358211) (0.0181065,0.224425) (-0.140216,0.0611053) (0.0923934,-0.0104825) (-0.156692,0.111039) (0.0220619,0.219185) (0.196506,-0.0905279) (-0.052974,-0.10947) (0.141517,0.0419254) (0.0384237,0.0839159) (-0.0397574,-0.00816218) (-0.116362,-0.19898) (0.042961,-0.307358) (0.13092,0.101933) (0.0234223,0.105971) (0.0350133,-0.0246076)
(-0.102652,-0.0394846) (-0.137955,-0.0565699) (0.0274214,-0.0322401) (0.0820287,0.0135458) (-0.000189141,0.0905216) (-0.0263612,-0.012412) (0.0384747,0.0951076) (0.0870906,-0.0305306) (-0.0846771,0.042654) (0.0171895,-0.103495) (-0.0686007,-0.0766103) (0.115848,0.0977752) (-0.0032866,0.075162) (-0.107929,0.126629) (-0.0503777,0.00698148) (0.0632368,0.0158047)
(0.0684073,-0.0876342) (0.0880181,-0.00548) (0.0176222,0.113575) (-0.045058,-0.0492042) (-0.071003,0.0797847) (0.119738,0.0946743) (0.219053,0.0120689) (-0.0741219,0.085791) (0.0960131,-0.0103402) (0.174856,0.0584551) (-0.0125177,0.0664848) (-0.0641908,0.0346009) (-0.14821,0.0208755) (0.158935,-0.0321523) (-0.13056,-0.0833575) (-0.034927,0.116787)
(0.00921793,-0.0283086) (0.00300728,0.125072) (-0.151918,0.0849544) (-0.0561346,-0.0370015) (-0.123957,-0.0729754) (-0.0371594,0.00755334) (0.200613,-0.115624) (0.0289826,-0.162105) (0.0993952,0.088876) (-0.00692251,-0.0563178) (-0.0391997,0.0487913) (0.0613202,-0.00326561) (0.154205,0.0470371) (0.00140727,0.0327366) (-0.0919608,0.216857) (0.00272653,0.148252)
(0.20047,0.22732) (0.0468737,0.286896) (-0.363193,0.00611676) (-0.0410932,-0.00451831) (-0.215521,-0.290013) (-0.0880491,0.118469) (0.0994238,-0.129845) (-0.0370331,-0.225678) (0.0989733,0.0364846) (-0.145563,-0.00279613) (-0.116779,0.0171969) (0.121084,-0.14176) (0.285385,-0.156905) (0.0984439,0.155762) (0.271466,0.00425425) (-0.00513781,-0.0340052)
(0.0855403,0.0600664) (0.104526,0.0331622) (-0.115519,0.0518296) (0.0741381,0.00697187) (-0.0384761,0.0104085) (-0.000112187,0.114539) (0.058144,-0.0599614) (-0.164078,-0.0453774) (0.0748675,0.0597905) (0.11644,0.0191586) (-0.00241231,0.0699457) (-0.0060826,0.0214118) (-0.0126659,-0.156098) (0.0664524,0.0177439) (0.100988,-0.113107) (-0.0748944,0.0338306)
(0.019684,0.186072) (-0.208229,0.0349803) (-0.0443621,-0.095639) (0.0861036,0.0484441) (-0.0478064,-0.0930519) (-0.17962,0.0667432) (0.197449,0.137512) (0.102755,-0.108118) (0.0895171,0.139573) (0.0342383,0.081987) (0.0973912,-0.079944) (-0.156339,-0.022379) (0.28683,-0.0349207) (-0.122336,0.106265) (-0.161978,0.0951241) (0.0311122,-0.0240198)
(-0.0300201,0.0981802) (-0.128493,0.0686901) (0.00513804,-0.0211424) (0.0237106,0.0445569) (0.113824,-0.106504) (-0.0730809,-0.134325) (0.0134951,0.117249) (0.108298,0.0716887) (-0.0455832,0.0467212) (0.109635,0.155933) (0.138251,0.0058136) (-0.177934,-0.0617761) (0.167407,0.0120581) (-0.0788704,-0.0123654) (-0.0333241,-0.0403617) (0.0914824,-0.0563101)
(0.113071,-0.0713127) (0.170007,0.011417) (0.00352762,0.0459566) (0.167103,-0.00780879) (-0.0983405,0.169225) (0.123342,0.0306791) (0.00108943,-0.194511) (-0.0136747,0.150904) (0.0281859,-0.132305) (0.137406,0.0334222) (0.0157755,-0.00374496) (-0.154532,0.181892) (-0.322646,-0.226145) (0.182318,0.0153095) (0.0485855,-0.110579) (-0.0574636,-0.00394709)
(-0.0163346,0.16022) (-0.178115,0.268558) (-0.51227,-0.149489) (0.0605044,-0.151519) (-0.0860267,-0.177911) (-0.132645,0.124545) (0.265574,0.125544) (0.125432,-0.376645) (0.0343389,0.146611) (-0.121118,-0.174734) (-0.0780079,-0.216068) (0.268408,-0.0244423) (0.317242,0.207341) (0.0392458,0.259838) (-0.100885,0.259325) (0.0147306,0.0444364)
(0.0964588,0.0678994) (0.083901,0.130902) (-0.118973,0.153828) (0.0242772,-0.0754389) (0.0390278,0.0852276) (0.0437705,0.111115) (0.189087,-0.163734) (-0.140422,0.0869225) (-0.00379063,-0.0911012) (0.111368,0.0106676) (-0.0150607,0.119805) (-0.133441,-0.00219598) (-0.103933,-0.085552) (0.194572,-0.0482575) (0.106391,0.00538696) (-0.0503155,-0.0457178)
