float
16 17
1 0 0 0 0 0 0 0 0 0 0 0 0 0 0 0 0.699866
0 1 0 0 0 0 0 0 0 0 0 0 0 0 0 0 -1.99427
-0 -0 1 0 0 0 0 0 0 0 0 0 0 0 0 0 0.0129052
-0 -0 -0 1 0 0 0 0 0 0 0 0 0 0 0 0 -0.924806
0 0 0 0 1 0 0 0 0 0 0 0 0 0 0 0 -0.93651
-0 -0 -0 -0 -0 1 0 0 0 0 0 0 0 0 0 0 1.96446
-0 -0 -0 -0 -0 -0 1 0 0 0 0 0 0 0 0 0 -1.27277
-0 -0 -0 -0 -0 -0 -0 1 0 0 0 0 0 0 0 0 0.238584
0 0 0 0 0 0 0 0 1 0 0 0 0 0 0 0 1.36009
0 0 0 0 0 0 0 0 0 1 0 0 0 0 0 0 -0.366597
0 0 0 0 0 0 0 0 0 0 1 0 0 0 0 0 2.42758
0 0 0 0 0 0 0 0 0 0 0 1 0 0 0 0 0.0962051
0 0 0 0 0 0 0 0 0 0 0 0 1 0 0 0 0.0372528
-0 -0 -0 -0 -0 -0 -0 -0 -0 -0 -0 -0 -0 1 0 0 -0.852307
-0 -0 -0 -0 -0 -0 -0 -0 -0 -0 -0 -0 -0 -0 1 0 1.54809
0 0 0 0 0 0 0 0 0 0 0 0 0 0 0 1 0.379662
