float
8 8
-0.507031 -0.0465426 0.0952192 0.376914 -0.262448 -0.00490892 0.0238537 0.313608
-0.173103 0.111624 -0.442945 0.621182 -0.635329 0.0875887 -0.0519667 -0.277664
0.255411 -0.154401 1.5968 -0.966619 1.21613 -0.294905 0.0230117 -0.69091
0.228655 -0.219483 -0.914557 0.360853 -0.546373 0.196778 -0.245428 0.412843
-0.463045 0.373248 -2.49647 1.87662 -1.75144 -0.0207177 -0.600469 1.25269
-0.0355561 0.310055 0.0619766 0.0535993 0.347313 0.0986797 -0.312258 0.45145
0.360797 -0.417348 0.794377 -0.243533 0.610481 -0.0182925 0.59196 -0.844808
-0.15354 0.357701 -1.54448 1.00946 -1.2301 0.187788 -0.336492 1.02797
