float
16 16
-0.0392092 -0.227553 -0.0559815 0.0858067 0.399105 0.192695 0.545258 0.0901664 0.112208 0.202325 -0.0336291 -0.253316 -0.145789 -0.0487533 0.158921 -0.282388
-0.513596 -0.166707 -0.277225 -0.0125917 -0.495413 -0.414918 0.0583184 -0.188613 -0.296347 -0.120072 0.0542496 0.521303 -0.16162 -0.0772079 -0.186258 0.282425
0.176237 0.094036 0.00202587 -0.3817 -0.425218 -0.0498818 -0.395126 0.116022 0.513879 -0.0631912 0.102025 0.0564851 -0.110456 0.106744 0.238267 0.0327567
-0.299138 0.083643 -0.207576 0.0382275 -0.085987 -0.04668 -0.0504962 -0.0540925 -0.192517 -0.0597444 -0.255729 -0.0593859 0.332367 -0.00231623 -0.106708 0.0413272
-0.0701458 0.024782 0.0328667 -0.104524 -0.169765 0.145482 -0.275087 -0.11491 -0.14626 0.0165178 -0.184726 -0.179524 0.222024 0.0143913 -0.126616 -0.0210159
0.088247 -0.240798 0.384962 0.282672 0.548562 0.0188964 0.905085 -0.0257388 0.000577584 0.131618 0.134438 0.00588291 -0.536407 -0.176485 0.378776 0.0641696
-0.18872 0.151082 -0.292227 -0.241443 -0.324614 -0.0340353 -0.582159 0.0672012 0.338702 -0.14143 -0.0230292 0.028645 -0.0622101 0.133338 -0.083698 -0.0181718
-0.176379 -0.0966336 -0.0941817 0.314981 0.10152 0.148817 0.303652 -0.115309 -0.0232499 0.0846871 -0.0708844 0.00142463 0.0136421 -0.118707 -0.110178 0.075381
0.0163572 -0.034112 0.347779 0.237108 0.202972 0.17115 0.486662 -0.193676 0.141006 0.0969589 -0.0331137 -0.0388961 -0.0949869 0.161459 -0.19219 0.0856106
-0.000992963 0.0232171 -0.0063967 -0.115402 -0.127392 0.0844412 -0.184774 0.0723511 -0.0974174 -0.000466369 -0.17087 -0.100225 0.194625 0.174277 -0.20374 0.0921679
0.54211 0.0219518 0.41087 0.0420371 0.547818 0.213626 0.48098 0.0959744 0.210802 0.317548 -0.0445889 -0.348458 -0.106641 -0.0128566 0.114037 -0.0576344
0.101501 -0.0531861 -0.0283825 -0.135935 -0.191178 -0.112825 -0.317747 0.0600254 0.470188 0.00258701 0.00798292 0.124173 -0.190886 0.215983 0.208393 -0.0644884
0.0395519 -0.230626 0.163288 0.0866403 0.0161349 -0.169882 0.353481 -0.0135647 -0.11168 -0.00448278 0.0494728 0.447985 -0.396905 -0.189335 0.0793252 -0.0821523
-0.0379522 0.0410402 -0.0356533 -0.0863383 -0.182629 0.0730564 -0.192423 -0.213765 0.0716895 -0.229993 -0.105097 -0.0642592 0.0701298 0.0955922 -0.153087 0.0973818
-0.0274018 -0.118697 0.0551855 0.166562 0.477291 0.179485 0.590913 -0.077533 -0.0192705 0.176154 0.175926 0.147157 -0.224863 -0.134489 0.118432 0.0632445
-0.0525301 -0.201567 0.237747 0.0533611 0.198613 -0.00188406 0.323849 -0.0240868 -0.0408995 0.0796286 -0.0129431 -0.0196351 -0.0509668 -0.114046 -0.106029 0.111051
